+237 6 50 87 55 97
+237 6 53 35 39 82
+237 6 70 75 92 87
+237 6 54 39 00 63
+237 6 78 54 79 93
+237 6 53 96 78 32
+237 71918820
+237 6 70 64 98 76
+237 6 79 97 22 75
+237 6 54 59 00 50
+237 6 77 74 86 15
+1 (302) 867-7097
+234 704 128 0749
+234 808 262 1181
+234 808 980 5700
+234 810 366 8608
+234 812 078 4526
+234 813 424 2373
+234 813 688 1760
+234 816 591 3212
+234 903 189 7454
+234 904 635 3933
+234 906 539 7921
+234 913 061 5992
+237 50666388
+237 50669951
+237 50878789
+237 51589305
+237 54048887
+237 54740695
+237 54764001
+237 6 20 86 67 98
+237 6 50 15 10 37
+237 6 50 33 97 39
+237 6 50 42 92 78
+237 6 50 63 00 07
+237 6 50 77 68 85
+237 6 50 87 88 99
+237 6 50 90 10 92
+237 6 50 95 47 41
+237 6 51 17 09 50
+237 6 51 26 69 05
+237 6 51 51 83 39
+237 6 51 60 68 06
+237 6 51 76 07 84
+237 6 51 79 53 80
+237 6 51 81 99 05
+237 6 52 62 71 19
+237 6 52 97 52 56
+237 6 53 06 98 26
+237 6 53 20 32 92
+237 6 53 36 63 63
+237 6 53 68 85 53
+237 6 53 72 72 49
+237 6 53 80 65 56
+237 6 53 84 63 87
+237 6 54 20 74 25
+237 6 54 40 53 51
+237 6 54 50 74 17
+237 6 54 53 11 30
+237 6 54 88 50 95
+237 6 58 53 16 74
+237 6 70 18 16 50
+237 6 70 35 32 01
+237 6 70 36 58 68
+237 6 70 49 78 58
+237 6 70 86 20 73
+237 6 71 14 26 39
+237 6 71 15 82 35
+237 6 71 54 86 67
+237 6 71 57 66 44
+237 6 71 72 06 15
+237 6 71 73 84 83
+237 6 72 09 78 91
+237 6 72 14 11 85
+237 6 72 34 17 97
+237 6 72 35 35 77
+237 6 72 37 93 57
+237 6 72 51 32 07
+237 6 72 66 51 67
+237 6 72 72 58 19
+237 6 72 88 26 53
+237 6 72 94 00 87
+237 6 73 07 09 58
+237 6 73 23 40 57
+237 6 73 40 16 53
+237 6 73 78 09 07
+237 6 73 85 38 59
+237 6 73 94 10 88
+237 6 74 03 99 62
+237 6 74 32 13 70
+237 6 74 66 03 92
+237 6 74 70 13 41
+237 6 74 98 22 88
+237 6 75 54 63 02
+237 6 75 73 48 65
+237 6 75 80 64 30
+237 6 75 82 85 35
+237 6 76 14 61 01
+237 6 76 61 42 63
+237 6 76 62 95 93
+237 6 76 63 48 47
+237 6 76 65 85 47
+237 6 76 68 15 76
+237 6 76 68 65 91
+237 6 76 78 20 67
+237 6 76 85 66 33
+237 6 76 96 69 97
+237 6 77 08 66 50
+237 6 77 51 10 31
+237 6 77 54 48 55
+237 6 78 16 18 40
+237 6 78 20 54 94
+237 6 78 22 99 78
+237 6 78 93 40 03
+237 6 79 27 86 41
+237 6 79 44 75 47
+237 6 79 73 64 13
+237 6 79 87 53 76
+237 6 80 17 48 81
+237 6 80 58 29 87
+237 6 80 72 72 36
+237 6 80 94 22 39
+237 6 80 94 44 96
+237 6 81 01 38 15
+237 6 81 07 66 57
+237 6 81 08 81 97
+237 6 81 76 17 80
+237 6 81 85 69 79
+237 6 81 89 75 07
+237 6 81 98 02 82
+237 6 82 70 37 95
+237 6 82 90 80 63
+237 6 83 10 85 08
+237 6 83 11 63 28
+237 6 83 17 61 43
+237 6 83 72 39 24
+237 6 83 77 67 93
+237 6 91 53 35 85
+237 6 95 30 85 24
+237 6 96 55 41 77
+237 6 98 34 58 19
+237 70661582
+237 71718946
+237 71934081
+237 72065726
+237 72307687
+237 72322141
+237 72849202
+237 74026970
+237 74220517
+237 75097900
+237 75904704
+237 76877782
+237 77864631
+237 79121666
+237 79565210
+237 79972245
+237 81133692
+237 81816581
+237 83172166
+237 83740444
+237 91164253
+237 93869122
+256 703 007218


// Greate chief mallam
title="You
+1 (612) 321-8419
+1 (678) 462-1295
+1 (732) 298-6335
+221 76 238 72 95
+228 91 71 60 31
+233 20 162 2649
+233 55 411 4413
+233 59 756 8080
+234 701 519 9974
+234 702 657 8757
+234 704 197 0915
+234 704 242 8497
+234 704 300 8248
+234 814 970 6493
+234 816 371 4504
+234 901 129 8988
+234 904 436 3421
+234 904 796 7106
+234 907 547 3430
+234 913 884 5888
+234 916 252 9611
+234 916 802 0078
+237 55363889
+237 6 50 34 10 31
+237 6 52 11 08 85
+237 6 53 30 77 19
+237 6 54 24 35 79
+237 6 59 15 76 35
+237 6 70 37 31 57
+237 6 72 28 87 59
+237 6 73 01 98 82
+237 6 73 10 98 37
+237 6 73 20 65 02
+237 6 74 59 37 65
+237 6 77 48 93 38
+237 6 77 89 94 58
+237 6 78 08 56 73
+237 6 78 13 47 27
+237 6 79 67 17 68
+237 6 79 85 65 75
+237 6 80 26 19 86
+237 6 81 06 29 07
+237 6 81 12 13 95
+237 6 82 24 69 96
+237 6 91 46 08 30
+237 6 95 04 62 27
+237 6 97 09 00 69
+254 111423399
+254 20 2676789
+254 703 544259
+254 714 085863
+254 723 756580
+254 746 469328
+254 787 716690
+63 995 413 7410
+92 335 7797561
+967 717 627 742
+967 734 718 028
+967 736 834 412
+971 58 840 3154"

// Money Group

You
+237 6 78 80 49 11
+237 6 51 93 26 82
+237 6 95 61 21 84
+237 6 74 24 77 23
+237 6 83 17 61 43
+1 (516) 468-3238
+1 (612) 321-8419
+1 (732) 298-6335
+1 (740) 785-8134
+224 622 35 78 97
+228 91 71 60 31
+229 55 94 24 10
+229 57 51 11 06
+229 98 58 35 03
+231 88 155 7921
+232 32 031344
+233 20 676 3954
+233 24 042 1700
+233 24 528 1318
+233 50 269 2946
+233 55 411 4413
+233 55 417 4517
+233 57 600 2879
+233 57 600 5423
+233 59 756 8080
+233 59 827 1830
+234 702 657 8757
+234 704 242 8497
+234 704 313 9570
+234 706 899 6961
+234 708 298 3727
+234 802 235 8978
+234 803 549 6042
+234 805 041 6402
+234 805 298 1855
+234 810 672 0881
+234 810 999 3030
+234 811 861 9674
+234 812 812 0687
+234 813 431 6130
+234 814 046 6689
+234 814 789 6856
+234 814 946 5743
+234 816 433 0401
+234 901 487 5573
+234 901 721 0403
+234 902 789 5792
+234 904 796 7106
+234 905 432 2629
+234 905 743 9767
+234 906 433 0128
+234 906 623 9905
+234 912 076 7348
+234 912 226 7744
+234 913 011 3531
+234 913 164 0128
+234 913 398 3404
+234 916 252 9611
+234 916 583 7688
+234 916 802 0078
+237 52886010
+237 54589624
+237 55363889
+237 6 20 62 28 68
+237 6 50 34 10 31
+237 6 50 51 91 77
+237 6 50 84 17 46
+237 6 50 93 88 93
+237 6 51 29 07 12
+237 6 52 14 31 93
+237 6 52 15 75 48
+237 6 52 70 89 51
+237 6 52 85 70 01
+237 6 53 04 02 44
+237 6 53 22 13 94
+237 6 53 39 52 67
+237 6 53 89 34 52
+237 6 54 24 35 79
+237 6 55 60 27 59
+237 6 56 65 71 92
+237 6 56 90 99 93
+237 6 58 21 27 84
+237 6 58 73 50 99
+237 6 59 15 76 35
+237 6 60 55 99 97
+237 6 70 26 34 84
+237 6 70 40 48 81
+237 6 70 47 94 72
+237 6 70 71 33 35
+237 6 70 78 61 34
+237 6 70 91 13 29
+237 6 71 11 60 47
+237 6 71 46 81 05
+237 6 71 49 70 76
+237 6 71 89 49 93
+237 6 71 93 67 47
+237 6 72 00 65 62
+237 6 72 16 17 97
+237 6 72 22 90 39
+237 6 72 23 65 13
+237 6 72 28 87 59
+237 6 72 50 47 40
+237 6 72 51 57 45
+237 6 72 53 01 39
+237 6 72 59 54 78
+237 6 73 20 10 55
+237 6 73 29 48 21
+237 6 73 34 88 87
+237 6 73 38 07 30
+237 6 73 58 86 34
+237 6 73 61 91 23
+237 6 73 80 89 78
+237 6 74 05 10 70
+237 6 74 28 76 04
+237 6 74 59 37 65
+237 6 76 62 68 86
+237 6 77 14 58 53
+237 6 77 37 88 05
+237 6 77 48 93 38
+237 6 77 60 05 92
+237 6 77 74 96 03
+237 6 78 08 56 73
+237 6 78 13 47 27
+237 6 78 20 86 44
+237 6 78 53 43 21
+237 6 78 78 54 54
+237 6 79 30 76 05
+237 6 79 39 68 66
+237 6 79 67 17 68
+237 6 79 70 50 49
+237 6 79 85 65 75
+237 6 80 26 19 86
+237 6 80 58 72 19
+237 6 81 12 13 95
+237 6 81 26 99 96
+237 6 81 38 19 49
+237 6 82 24 69 96
+237 6 82 45 75 54
+237 6 82 73 04 40
+237 6 90 44 04 24
+237 6 90 72 86 81
+237 6 92 49 28 86
+237 6 93 10 29 50
+237 6 93 29 26 34
+237 6 93 33 67 93
+237 6 95 43 15 44
+237 6 97 67 40 06
+237 6 98 46 21 06
+237 6 99 22 28 34
+237 72082221
+237 72529019
+237 72871675
+237 73239925
+237 73460753
+237 74426765
+237 74542410
+237 76176501
+237 76218404
+237 77024206
+237 77148043
+237 77878142
+237 83787100
+237 94336946
+237 94605222
+254 111231292
+254 111423399
+254 111537481
+254 111910544
+254 115295355
+254 700 076557
+254 703 544259
+254 706 894583
+254 711 369399
+254 715 207366
+254 716 584561
+254 722 909425
+254 723 756580
+254 728 503127
+254 740 836220
+254 745 034257
+254 746 469328
+254 747 160145
+254 759 092121
+254 770 610855
+254 780 150035
+254 786 691053
+254 791 195228
+254 792 128524
+254 796 435997
+256 756 309796
+34 632 26 26 23
+372 5759 4102
+44 7774 938774
+44 7979 107628
+62 813-5086-7213
+63 945 408 9934
+7 991 700-23-17
+880 1780-871030
+880 1810-530235
+880 1833-960976
+92 325 2462095
+92 335 7797561
+971 52 696 6959
+971 52 820 1764
+971 52 882 3464
+971 55 317 9860
+971 55 589 6113
+972 54-313-2867


18+ Videos

+1 (360) 587-5572
+1 (365) 267-6572
+1 (413) 305-5518
+1 (484) 990-0394
+1 (517) 302-7910
+1 (608) 676-8676
+1 (613) 815-1182
+1 (647) 954-6724
+1 (660) 660-0240
+1 (661) 230-8066
+1 (681) 229-7558
+1 (682) 356-1901
+1 (706) 744-3222
+1 (708) 505-6474
+1 (716) 235-9858
+1 (765) 343-6766
+1 (775) 439-6215
+1 (814) 469-3799
+1 (864) 665-6078
+1 (902) 900-0471
+1 (918) 965-5256
+1 (928) 421-1852
+212 608-739662
+212 681-768410
+212 693-162474
+212 701-851215
+212 703-962281
+212 707-357370
+212 718-950968
+212 720-780992
+212 722-817916
+229 52 70 44 45
+229 54 06 59 85
+229 90 42 80 63
+229 96 39 78 60
+230 5502 1056
+232 32 031344
+232 76 359914
+232 78 656767
+233 50 574 4687
+233 54 242 4567
+233 55 542 1323
+234 701 005 6153
+234 701 031 0744
+234 701 298 7162
+234 702 595 9871
+234 703 137 9763
+234 703 546 6595
+234 703 559 2352
+234 704 279 0572
+234 704 450 6311
+234 704 541 8755
+234 704 795 8585
+234 704 991 0909
+234 705 418 8126
+234 706 679 5998
+234 706 819 4606
+234 708 672 4671
+234 805 783 3766
+234 806 996 1090
+234 810 097 8750
+234 810 269 3670
+234 810 396 6727
+234 810 473 9995
+234 810 828 6293
+234 810 884 2306
+234 812 117 5916
+234 812 443 4112
+234 812 777 7892
+234 812 801 3968
+234 813 202 6110
+234 813 237 9561
+234 813 473 2027
+234 814 172 6027
+234 814 541 0738
+234 814 920 1808
+234 815 367 1994
+234 815 513 7052
+234 816 272 0735
+234 816 416 9080
+234 901 286 2483
+234 901 501 4257
+234 901 602 4792
+234 902 377 2086
+234 902 474 4496
+234 902 593 6610
+234 902 673 5405
+234 903 308 2141
+234 903 613 1381
+234 903 850 2298
+234 904 114 4212
+234 904 436 3421
+234 904 715 2477
+234 904 796 7106
+234 905 655 5105
+234 905 785 8693
+234 906 553 7057
+234 909 617 0946
+234 911 265 0783
+234 911 412 7429
+234 912 034 8832
+234 912 189 9324
+234 912 196 8051
+234 912 197 1894
+234 912 412 3960
+234 912 737 1950
+234 913 708 2051
+234 913 923 9251
+234 915 036 9546
+234 915 358 8505
+234 916 056 9701
+234 916 252 9611
+234 916 420 5152
+234 916 549 7902
+234 916 650 8636
+234 916 786 4937
+234 916 817 0873
+237 6 20 40 19 85
+237 6 70 37 31 57
+237 6 90 07 16 85
+251 704221190
+252 61 0782927
+252 61 2715479
+252 711251071
+253 77 81 14 13
+254 106110533
+254 111240494
+254 20 2676789
+254 772 769407
+254 790 319025
+255 657 405 852
+255 699 709 578
+255 767 612 342
+263 71 208 5209
+263 71 812 3042
+265 880 93 77 49
+27 63 933 4836
+27 68 304 4046
+27 69 576 1461
+27 73 389 0728
+27 74 315 6195
+27 76 712 0539
+30 693 119 4133
+30 699 435 8663
+372 5758 5193
+380 94 242 4571
+381 61 6001279
+44 7405 710142
+44 7421 946664
+44 7422 868560
+44 7464 198293
+44 7466 907407
+44 7946 497143
+54 9 11 5259-7310
+55 22 99849-3957
+62 816-1734-1142
+62 819-2700-2225
+62 822-9909-0678
+62 831-1206-2706
+62 856-4897-8112
+62 857-4247-3150
+62 858-5459-3885
+63 919 558 5128
+63 926 474 0353
+63 926 485 3024
+63 966 725 4778
+63 970 251 7110
+66 61 962 0214
+66 82 624 6332
+7 905 841-88-43
+84 32 600 2690
+84 92 143 09 95
+84 94 976 07 93
+852 9312 5754
+880 1919-010368
+90 552 158 52 75
+91 6238 855 959
+91 6297 958 152
+91 6304 093 799
+91 70635 63653
+91 70804 33661
+91 74773 37053
+91 74892 38755
+91 76027 02055
+91 77393 83589
+91 78916 11189
+91 79731 30918
+91 80167 56563
+91 80807 58026
+91 82082 38800
+91 82619 13668
+91 83898 05538
+91 84323 91902
+91 86037 36047
+91 88082 71489
+91 88395 09778
+91 88478 92173
+91 89628 31673
+91 89678 07108
+91 90817 56497
+91 90849 71588
+91 91088 82896
+91 91617 40715
+91 91934 00501
+91 93036 20340
+91 93468 87910
+91 94285 38428
+91 94797 82172
+91 95689 23851
+91 96038 73805
+91 96559 53247
+91 96706 07409
+91 96826 88562
+91 97117 84055
+91 98072 84372
+91 99179 07935
+91 99291 11403
+92 300 6163318
+92 300 7013734
+92 301 2405288
+92 301 3948186
+92 301 6920340
+92 301 6979317
+92 304 1343282
+92 304 9889118
+92 305 5332063
+92 307 3186949
+92 308 1875767
+92 308 8962484
+92 308 9567131
+92 311 0649975
+92 311 2756956
+92 311 2845933
+92 312 7689533
+92 313 6258478
+92 315 2455480
+92 315 6925039
+92 316 3261102
+92 316 4800087
+92 316 7538090
+92 317 2788165
+92 317 6588184
+92 317 7275073
+92 317 9671285
+92 317 9971632
+92 318 4332751
+92 318 5844138
+92 318 7411556
+92 318 9042494
+92 319 0448926
+92 323 0339952
+92 323 2321864
+92 323 3381558
+92 325 7208405
+92 326 3906508
+92 326 5198986
+92 326 7407884
+92 327 5086972
+92 327 6873808
+92 330 2468194
+92 330 5068264
+92 331 9319566
+92 335 4359363
+92 335 4701336
+92 337 7508896
+92 340 7262431
+92 341 8043628
+92 341 9219544
+92 342 6443913
+92 343 4123033
+92 343 5526765
+92 344 9300467
+92 345 8671380
+92 347 2368954
+92 355 6168302
+95 9 258 767 007
+95 9 40437 4316
+95 9 42939 9472
+95 9 680 782151
+964 784 034 0870
+966 50 109 9724
+966 56 920 7813
+967 716 161 933
+967 737 164 172
+967 772 650 371
+967 773 799 727
+968 7980 8074
+98 921 502 5269
+98 938 263 7509
+98 990 957 3241


MONEY GIVE OUT 
+1 (213) 533-9856
+1 (732) 298-6335
+228 91 71 60 31
+229 57 51 11 06
+229 67 08 95 13
+229 98 58 35 03
+231 88 155 7921
+232 32 031344
+233 55 411 4413
+233 55 417 4517
+233 59 756 8080
+234 704 242 8497
+234 704 840 1188
+234 806 958 6128
+234 810 952 9207
+234 814 647 1129
+234 815 412 1733
+234 816 051 2164
+234 816 934 0545
+234 902 756 8461
+234 902 883 6717
+234 904 796 7106
+234 905 432 2629
+234 905 743 9767
+234 905 762 6906
+234 912 076 7348
+234 913 164 0128
+234 916 252 9611
+237 55363889
+237 6 20 13 76 34
+237 6 50 59 56 54
+237 6 50 84 17 46
+237 6 51 26 03 76
+237 6 52 15 75 48
+237 6 53 39 52 67
+237 6 53 89 34 52
+237 6 57 33 28 18
+237 6 58 73 50 99
+237 6 60 55 99 97
+237 6 70 18 99 65
+237 6 71 07 60 68
+237 6 73 29 48 21
+237 6 73 34 88 87
+237 6 73 50 25 59
+237 6 77 89 94 58
+237 6 78 01 61 11
+237 6 78 13 47 27
+237 6 78 54 97 71
+237 6 79 39 68 66
+237 6 80 26 19 86
+237 6 80 58 72 19
+237 6 81 12 13 95
+237 6 81 54 19 44
+237 6 82 47 68 62
+237 6 91 84 69 81
+237 6 97 09 00 69
+237 78509899
+237 80616645
+254 111231292
+254 111418567
+254 111423399
+254 115068663
+254 710 890700
+254 714 379989
+254 714 713844
+254 715 975687
+254 716 584561
+254 723 756580
+254 780 150035
+254 794 224416
+256 742 810629
+256 756 309796
+54 9 11 5374-3704
+880 1764-505567
+92 349 4029969
+971 52 949 6550
+971 54 329 6503
+971 55 589 6113

BET AND WIN

+1 (205) 453-1254
+1 (469) 379-2489
+1 (516) 468-3238
+1 (612) 321-8419
+1 (732) 298-6335
+226 56 71 08 74
+229 55 94 24 10
+229 57 51 11 06
+229 94 74 95 77
+229 98 58 35 03
+232 32 031344
+233 24 528 1318
+233 55 411 4413
+233 55 417 4517
+233 59 756 8080
+234 702 591 9127
+234 702 657 8757
+234 703 986 4151
+234 704 242 8497
+234 704 300 8248
+234 704 313 9570
+234 704 704 3575
+234 706 612 5566
+234 708 298 3727
+234 708 937 4062
+234 805 226 1900
+234 807 222 0361
+234 808 228 7754
+234 809 653 4446
+234 810 491 3229
+234 810 672 0881
+234 810 999 3030
+234 811 155 4687
+234 811 861 9674
+234 812 812 0687
+234 813 202 6110
+234 813 431 6130
+234 813 764 0665
+234 813 927 2388
+234 814 046 6689
+234 814 946 5743
+234 816 051 2164
+234 816 161 2035
+234 901 129 8988
+234 901 434 6825
+234 902 817 6981
+234 902 883 6717
+234 903 278 2996
+234 904 796 7106
+234 905 199 9718
+234 905 743 9767
+234 905 762 6906
+234 907 547 3430
+234 912 076 7348
+234 912 226 7744
+234 912 781 1863
+234 913 164 0128
+234 913 398 3404
+234 915 591 0271
+234 916 252 9611
+234 916 583 7688
+234 916 802 0078
+237 55363889
+237 6 20 13 76 34
+237 6 20 62 28 68
+237 6 50 22 77 13
+237 6 50 59 56 54
+237 6 50 84 17 46
+237 6 50 87 64 00
+237 6 51 47 07 92
+237 6 52 14 31 93
+237 6 52 15 75 48
+237 6 52 70 89 51
+237 6 52 87 19 21
+237 6 53 30 77 19
+237 6 53 39 52 67
+237 6 53 89 34 52
+237 6 54 24 35 79
+237 6 54 48 93 86
+237 6 57 46 99 23
+237 6 57 75 73 35
+237 6 58 73 50 99
+237 6 59 15 76 35
+237 6 64 12 99 16
+237 6 70 90 99 72
+237 6 70 91 13 29
+237 6 70 95 17 02
+237 6 71 07 60 68
+237 6 71 26 98 25
+237 6 71 28 50 41
+237 6 71 46 81 05
+237 6 71 84 93 13
+237 6 72 16 17 97
+237 6 73 20 65 02
+237 6 73 29 48 21
+237 6 73 34 88 87
+237 6 73 50 25 59
+237 6 73 58 86 34
+237 6 73 61 91 23
+237 6 73 80 89 78
+237 6 74 05 10 70
+237 6 74 59 37 65
+237 6 74 81 63 26
+237 6 75 21 80 71
+237 6 75 26 91 06
+237 6 75 34 23 16
+237 6 76 28 05 76
+237 6 77 60 05 92
+237 6 77 89 94 58
+237 6 78 08 56 73
+237 6 78 13 47 27
+237 6 78 15 04 00
+237 6 78 53 43 21
+237 6 78 54 97 71
+237 6 78 98 99 61
+237 6 79 39 68 66
+237 6 79 67 17 68
+237 6 80 18 68 62
+237 6 80 26 19 86
+237 6 80 58 72 19
+237 6 81 12 13 95
+237 6 81 24 10 21
+237 6 82 24 69 96
+237 6 82 73 04 40
+237 6 91 46 08 30
+237 6 91 84 69 81
+237 6 91 97 21 18
+237 6 92 28 82 74
+237 6 92 49 28 86
+237 6 93 33 67 93
+237 6 93 75 70 57
+237 6 94 70 87 14
+237 6 95 05 71 84
+237 6 97 67 40 06
+237 6 97 76 22 45
+237 6 98 01 48 69
+237 74542410
+237 77024206
+254 111231292
+254 111423399
+254 111537481
+254 115295355
+254 700 076557
+254 701 428046
+254 703 544259
+254 704 462173
+254 706 781669
+254 711 198166
+254 722 437225
+254 722 909425
+254 724 965544
+254 728 503127
+254 735 907120
+254 739 756512
+254 740 836220
+254 747 160145
+254 759 092121
+254 768 131118
+254 786 691053
+254 787 716690
+254 791 989144
+254 794 224416
+254 796 435997
+256 756 309796
+34 632 26 26 23
+372 5759 4102
+44 115 791 0679
+44 7508 479676
+54 9 11 5374-3704
+54 9 2944 70-8713
+62 838-3825-8587
+62 878-9721-3901
+63 977 278 7038
+84 90 362 37 04
+84 93 641 96 74
+880 1833-960976
+92 311 1553726
+92 335 7797561
+967 771 574 112
+971 55 182 5639
+971 55 589 6113
+971 58 840 7216
+976 9610 9239

GROW WHATSAPP CONNECTIONS

+1 (316) 394-4997
+1 (365) 442-3382
+1 (405) 363-1268
+1 (612) 321-8419
+1 (613) 616-5665
+1 (613) 900-3943
+1 (661) 469-6735
+1 (707) 506-6219
+20 114 502 8545
+234 702 657 8757
+234 703 159 4298
+234 704 991 0909
+234 811 521 4423
+234 814 734 4457
+234 815 251 5116
+234 816 051 2164
+234 816 113 2803
+234 902 779 5307
+234 904 017 5082
+234 904 436 3421
+234 907 547 3430
+234 913 884 5888
+234 915 358 8734
+234 916 252 9611
+237 6 20 13 76 34
+237 6 50 05 26 08
+237 6 53 30 77 19
+237 6 55 41 32 40
+237 6 56 13 23 25
+237 6 62 80 17 16
+237 6 70 37 31 57
+237 6 74 59 37 65
+237 6 76 30 28 61
+237 6 79 67 17 68
+237 6 80 56 71 63
+237 6 81 49 86 24
+237 6 97 84 95 03
+254 111231292
+256 778 333319
+44 7424 238095
+44 7438 804102
+62 823-3146-8766
+62 823-4049-8854
+62 838-5126-0012
+62 857-8610-7512
+62 877-9375-3573
+63 927 971 9996
+63 968 318 8904
+63 995 036 6917
+7 952 206-66-29
+84 33 403 7794
+880 1717-504028
+91 74085 97891
+91 79917 05433
+91 86888 81322
+91 87674 37630
+91 90112 94393
+91 90144 89017
+91 96281 20751
+91 97547 28344
+92 300 2507260
+92 302 0338263
+92 302 1077765
+92 302 2125660
+92 302 6584884
+92 306 1024925
+92 309 3166509
+92 318 5007237
+92 325 6779352
+92 330 6848266
+92 337 6057467
+92 340 7203712
+92 341 1690923
+92 341 7840501
+92 342 6493920
+967 772 077 699
+967 772 916 940
+971 55 968 1734
+973 3398 7856


INDIAN STARTUP

+1 (236) 800-7491
+1 (868) 297-9943
+1 (908) 948-3935
+1 (928) 421-1852
+1 (971) 396-1493
+20 109 831 2198
+213 673 37 10 93
+221 77 749 86 48
+221 78 486 55 25
+222 27 47 54 47
+225 0501547165
+229 56 12 27 48
+230 5502 1056
+233 20 149 7048
+234 701 298 7162
+234 701 443 5721
+234 705 125 0196
+234 706 111 7429
+234 706 300 9987
+234 706 490 1666
+234 706 738 1809
+234 706 852 5052
+234 706 959 9568
+234 708 354 8964
+234 803 945 2953
+234 806 192 5461
+234 807 338 3751
+234 807 511 7309
+234 808 301 4716
+234 808 855 1799
+234 809 515 1429
+234 809 554 5592
+234 810 008 5305
+234 810 269 3670
+234 810 660 1992
+234 810 672 0881
+234 810 812 0225
+234 810 884 2306
+234 810 912 7719
+234 811 008 6205
+234 811 860 0196
+234 812 117 5916
+234 812 733 8371
+234 813 237 9561
+234 814 530 9239
+234 814 647 1129
+234 814 660 8326
+234 815 301 0833
+234 815 513 7052
+234 901 736 0193
+234 901 936 9602
+234 902 268 5353
+234 902 873 4000
+234 903 336 4752
+234 904 271 7516
+234 904 388 6290
+234 904 810 6150
+234 906 017 8536
+234 906 110 5750
+234 906 406 9339
+234 906 960 9846
+234 907 547 3430
+234 907 664 7397
+234 907 716 6536
+234 907 877 7531
+234 912 412 3960
+234 912 613 2153
+234 912 719 8556
+234 912 734 9986
+234 913 891 4625
+234 915 081 2450
+234 915 196 9465
+234 915 407 0023
+234 915 763 6331
+234 915 929 6817
+234 916 269 4755
+234 916 590 1545
+234 916 633 3822
+234 916 650 8636
+237 6 51 60 68 06
+237 6 53 30 77 19
+237 6 58 14 74 67
+237 6 70 37 31 57
+237 6 70 86 35 26
+237 6 76 97 64 41
+237 6 78 08 56 73
+237 6 79 17 97 68
+237 6 81 24 10 21
+237 6 94 70 87 14
+237 6 96 94 45 55
+249 11 629 3152
+249 11 938 1476
+252 63 7148947
+254 20 2676789
+254 711 657774
+254 779 053751
+254 791 749177
+254 796 268098
+255 676 304 412
+255 784 727 689
+256 726 072366
+27 63 923 4451
+27 63 933 4836
+27 73 086 5295
+27 73 389 0728
+27 76 712 0539
+27 78 370 0206
+27 78 385 0417
+351 914 189 533
+40 734 893 454
+44 7404 308576
+44 7418 347661
+44 7438 971962
+44 7949 395007
+46 76 747 47 08
+509 34 32 2762
+54 9 11 2498-1075
+54 9 11 5259-7310
+60 11-6069 3378
+60 18-770 7287
+61 402 963 237
+62 812-6434-3981
+62 813-2076-9620
+62 816-1734-1142
+855 92 841 791
+880 1309-957920
+880 1712-977199
+91 6280 096 156
+91 6290 877 630
+91 70082 36730
+91 70261 27557
+91 70543 66927
+91 72061 69298
+91 74897 70510
+91 74998 78125
+91 77353 96858
+91 77440 84649
+91 77828 72703
+91 79051 60772
+91 79810 04853
+91 79849 99568
+91 80002 87889
+91 81087 53014
+91 81714 64693
+91 81778 31607
+91 84277 02954
+91 84520 82852
+91 86309 46189
+91 87804 16050
+91 87935 40631
+91 88168 77591
+91 89757 10249
+91 90048 61466
+91 90341 27787
+91 90344 01481
+91 90794 75307
+91 90927 61425
+91 90971 41376
+91 92948 97824
+91 93377 53103
+91 93724 96548
+91 94513 06965
+91 94909 12130
+91 95094 41460
+91 95256 91369
+91 95442 05637
+91 95460 39352
+91 95905 26111
+91 95960 25900
+91 96513 51369
+91 97146 82782
+91 97235 27690
+91 97276 38728
+91 97519 37442
+91 97841 12305
+91 98103 05527
+91 98173 93979
+91 98286 80208
+91 98288 30169
+91 98387 12402
+91 99888 07444
+92 301 2008413
+92 302 6218693
+92 302 7487965
+92 302 8857355
+92 304 0125435
+92 305 6346212
+92 305 6906373
+92 306 0339987
+92 307 4387966
+92 309 1371832
+92 310 0894511
+92 310 6213590
+92 311 2333051
+92 311 4136300
+92 311 6441974
+92 311 6645600
+92 312 7563000
+92 313 7088951
+92 316 5198499
+92 318 3365197
+92 322 5133480
+92 322 9715243
+92 331 2447324
+92 332 0049429
+92 333 9963102
+92 334 3918145
+92 342 2113434
+92 342 3058710
+92 343 1491891
+92 344 9097469
+92 345 7642813
+92 347 9882835
+92 348 5575860
+94 70 534 5149
+94 71 369 9762
+94 72 087 9667
+960 914-0901
+960 937-5310
+966 50 418 2596
+966 56 243 6210
+966 59 718 9816
+966 59 730 4752
+967 713 780 247
+967 714 824 803
+967 738 817 230
+967 771 365 353
+971 52 632 9083
+971 52 860 5908
+971 55 309 0085
+971 55 968 1734
+976 9139 0156
+98 902 578 3802
+996 888 968 6 89

MARIJUANNA LOVERS
+1 (438) 230-5071
+1 (970) 299-4482
+212 640-806772
+212 662-194480
+212 706-399038
+213 662 92 34 19
+216 55 028 500
+221 76 519 93 25
+221 77 159 21 48
+221 77 242 96 81
+221 77 570 66 95
+221 77 714 52 42
+221 77 926 85 60
+221 78 150 54 43
+221 78 485 22 29
+221 78 498 90 80
+223 61 31 26 51
+223 65 86 00 39
+223 73 13 06 19
+223 74 23 64 07
+223 84 24 56 36
+225 46 57 45 54
+225 48 81 27 05
+225 49 30 33 19
+225 55 97 89 91
+225 59 99 05 00
+225 68 74 02 08
+225 74 94 10 55
+225 76 42 44 74
+225 76 95 92 30
+225 78 21 92 90
+225 87 13 94 84
+225 98 15 29 09
+226 54 12 92 66
+226 55 15 35 91
+226 56 20 81 48
+226 60 92 62 36
+226 61 09 97 19
+226 61 55 00 08
+226 62 76 72 18
+226 64 78 27 72
+226 65 76 31 97
+226 66 83 50 25
+226 74 95 03 60
+226 77 29 84 92
+226 77 87 46 50
+227 70113665
+227 70116174
+227 70132662
+227 74617064
+227 80 60 42 44
+228 90 44 59 22
+228 90 97 35 10
+228 92 51 67 46
+228 92 60 17 14
+228 93 67 94 39
+228 96 12 23 29
+228 97 03 32 38
+229 52 47 17 90
+229 53 13 17 81
+229 55 15 90 49
+229 55 69 21 79
+229 57 31 74 47
+229 57 31 74 52
+229 60 76 14 99
+229 61 79 80 94
+229 62 04 26 83
+229 62 15 40 22
+229 62 31 87 53
+229 64 72 16 24
+229 66 27 77 01
+229 66 66 61 05
+229 67 16 77 96
+229 69 68 60 32
+229 91 93 17 75
+229 94 83 52 88
+229 94 90 33 53
+229 96 81 13 27
+229 96 87 75 47
+229 97 40 47 52
+229 97 46 95 45
+229 98 61 70 29
+232 32 031344
+234 701 222 6213
+234 703 393 3744
+234 809 876 4767
+234 810 094 8778
+234 810 696 0488
+234 811 813 7667
+234 813 138 5875
+234 814 423 2134
+234 816 623 4976
+234 902 268 5353
+234 902 789 5792
+234 904 987 4089
+234 905 199 3588
+234 906 245 1718
+234 907 547 3430
+234 909 198 9746
+234 913 193 1311
+237 6 50 82 27 28
+237 6 50 82 82 23
+237 6 50 98 09 76
+237 6 52 24 46 61
+237 6 52 67 82 65
+237 6 52 69 78 92
+237 6 52 71 01 50
+237 6 53 23 62 17
+237 6 53 43 31 33
+237 6 53 51 25 00
+237 6 55 15 76 22
+237 6 57 33 28 18
+237 6 58 73 50 99
+237 6 59 15 76 35
+237 6 60 14 64 45
+237 6 70 57 13 46
+237 6 70 59 74 21
+237 6 71 18 98 25
+237 6 71 34 36 13
+237 6 71 93 12 56
+237 6 72 90 45 48
+237 6 73 10 98 37
+237 6 74 59 37 65
+237 6 76 47 46 98
+237 6 76 97 64 41
+237 6 78 08 56 73
+237 6 79 33 86 60
+237 6 80 52 23 11
+237 6 81 24 10 21
+237 6 81 39 33 68
+237 6 90 59 42 24
+237 6 91 48 93 44
+237 6 91 98 67 00
+237 6 94 09 88 56
+237 6 95 76 17 29
+237 6 99 28 17 75
+237 77044388
+237 98790216
+237 99220009
+241 02 49 57 65
+241 62037430
+242 06 862 2839
+242 06 956 8904
+243 821 283 375
+243 825 518 680
+243 897 778 432
+243 974 914 132
+254 113532324
+254 20 2676789
+254 706 332545
+254 706 894583
+254 729 782189
+254 791 195228
+255 694 038 853
+256 757 366622
+256 757 944127
+266 5651 6855
+27 69 140 0972
+33 6 52 84 86 98
+33 6 58 27 45 21
+33 6 95 20 52 95
+370 602 91718
+380 66 345 1497
+62 813-5623-5216
+63 995 413 7410
+86 158 2049 9094
+880 1748-816584
+880 1811-641936
+90 506 291 83 88
+91 74056 15419
+91 78886 44308
+91 79903 48238
+91 93521 15910
+91 94131 66980
+91 94469 02957
+92 346 9876918
+971 52 337 0414
+971 55 774 8967
+971 55 968 1734

SUPER TRABERX LIMITED
+234 704 344 1773
+234 810 696 0488
+234 814 647 1129
+234 816 371 4504
+234 903 913 6711
+234 904 017 5082
+234 904 436 3421
+234 907 547 3430
+234 908 250 8115
+237 6 50 05 26 08
+237 6 51 29 07 12
+237 6 51 67 56 98
+237 6 56 88 90 17
+237 6 58 73 50 99
+237 6 70 83 81 03
+237 6 73 94 41 32
+237 6 74 59 37 65
+237 6 75 97 12 08
+237 6 76 97 64 41
+237 6 78 08 56 73
+237 6 80 52 23 11
+237 6 81 28 46 14
+237 6 81 33 56 94
+237 6 91 48 93 44
+237 6 96 68 71 97
+237 6 97 09 00 69
+254 20 2676789
+254 757 914428
+91 75075 08887
+91 84028 65690
+91 93630 12805

BROTHERHOOD
+1 (970) 299-4482
+213 557 55 61 33
+228 93 67 94 39
+229 98 94 71 19
+230 5491 0350
+232 74 285680
+232 74 298304
+232 90 243826
+233 24 220 5585
+233 24 238 6152
+233 24 315 4900
+233 24 505 3794
+233 24 600 1258
+233 24 874 9518
+233 25 705 9058
+233 54 542 7890
+233 54 899 9168
+233 55 782 5376
+233 55 847 5779
+233 57 280 8926
+233 57 828 6981
+233 59 236 8451
+233 59 542 0205
+234 702 577 0771
+234 704 344 1773
+234 705 869 0520
+234 706 337 0498
+234 706 515 5709
+234 802 143 4841
+234 807 393 5630
+234 810 137 9328
+234 810 404 8424
+234 810 696 0488
+234 810 818 7870
+234 811 813 7667
+234 812 206 0524
+234 813 539 9193
+234 814 647 1129
+234 816 311 9851
+234 816 371 4504
+234 903 963 4671
+234 904 436 3421
+234 904 436 8160
+234 904 851 5446
+234 906 960 9846
+234 907 547 3430
+234 912 308 1866
+234 913 193 1311
+234 913 702 6438
+234 916 260 3322
+234 916 320 8583
+237 6 51 45 43 36
+237 6 53 30 77 19
+237 6 58 73 50 99
+237 6 59 12 08 64
+237 6 74 59 37 65
+237 6 78 08 56 73
+237 6 80 98 63 24
+237 6 81 24 10 21
+237 6 82 25 00 96
+237 6 95 76 17 29
+249 11 629 3152
+251 93 098 1811
+251 95 460 6352
+251 96 534 4686
+254 705 491615
+254 714 085863
+254 721 646281
+254 729 215136
+254 742 499844
+254 743 677343
+254 782 579977
+254 782 703783
+254 790 894986
+254 791 195228
+255 621 965 095
+255 656 311 487
+255 656 808 687
+255 786 336 520
+256 703 808401
+256 704 895820
+256 705 721411
+256 709 059188
+256 709 333875
+256 709 465748
+256 763 147741
+256 781 621713
+256 782 011653
+256 783 062415
+256 786 017738
+256 788 514864
+258 84 613 3543
+260 97 8954751
+263 78 163 4964
+263 78 982 1195
+265 883 86 69 35
+27 65 622 0216
+27 71 048 3224
+27 73 586 9517
+27 81 595 7715
+34 672 51 31 12
+357 96 619404
+39 371 572 1260
+590 690 31-7245
+62 813-1597-8390
+62 823-6223-3364
+63 993 610 9938
+63 995 413 7410
+7 967 694-90-69
+855 92 841 791
+856 20 76 228 853
+90 532 380 95 14
+91 81047 10056
+91 84028 65690
+91 87238 78327
+91 95978 23465
+91 97073 37264
+91 98613 23411
+92 301 1268069
+92 307 4468322
+92 307 8020866
+92 321 3992147
+92 322 7450636
+92 343 9314511
+92 345 6273885
+92 346 2005831
+967 730 571 875
+973 3312 8136
+98 930 842 6371
+996 557 477 030

MR DIAS FIXED MATCHES
+1 (248) 678-4914
+1 (302) 538-4626
+1 (512) 627-2773
+1 (818) 928-8072
+212 649-015732
+212 672-129229
+225 96 11 69 58
+226 56 71 08 74
+228 91 71 60 31
+229 51 06 20 31
+229 57 51 11 06
+229 66 78 25 49
+229 98 58 35 03
+231 88 155 7921
+233 24 708 3240
+233 54 082 1809
+233 54 272 0521
+233 54 289 8195
+233 55 411 4413
+233 55 417 4517
+233 59 756 8080
+234 702 541 8108
+234 702 612 7310
+234 702 615 0081
+234 703 069 9640
+234 704 840 1188
+234 706 612 5566
+234 802 576 7986
+234 803 572 1823
+234 805 041 6402
+234 806 263 5983
+234 806 408 9767
+234 808 228 7754
+234 809 876 4767
+234 810 290 7599
+234 810 729 0552
+234 810 952 9207
+234 811 596 6337
+234 812 678 9025
+234 813 700 2979
+234 814 647 1129
+234 814 845 6037
+234 816 853 0236
+234 817 252 6554
+234 903 367 7434
+234 903 581 6970
+234 904 017 5082
+234 905 332 6823
+234 905 432 2629
+234 913 046 6374
+234 913 140 5109
+234 916 802 0078
+237 51000160
+237 6 50 37 58 04
+237 6 50 58 38 03
+237 6 50 59 56 54
+237 6 51 26 03 76
+237 6 51 57 16 33
+237 6 52 15 75 48
+237 6 52 25 33 16
+237 6 52 25 82 86
+237 6 52 30 18 94
+237 6 52 87 19 21
+237 6 53 39 52 67
+237 6 55 94 70 50
+237 6 56 79 95 70
+237 6 57 28 40 41
+237 6 57 46 99 23
+237 6 57 68 16 42
+237 6 57 87 58 06
+237 6 59 44 24 08
+237 6 60 55 99 97
+237 6 70 06 82 78
+237 6 70 10 00 27
+237 6 70 18 99 65
+237 6 70 72 56 95
+237 6 71 07 60 68
+237 6 71 55 60 78
+237 6 71 70 84 38
+237 6 72 28 87 59
+237 6 72 55 19 57
+237 6 73 20 65 02
+237 6 73 29 48 21
+237 6 73 50 25 59
+237 6 73 61 91 23
+237 6 73 65 47 61
+237 6 74 91 09 08
+237 6 75 27 84 60
+237 6 76 39 60 46
+237 6 76 81 24 29
+237 6 77 48 42 27
+237 6 77 60 05 92
+237 6 77 70 81 15
+237 6 77 74 96 03
+237 6 77 87 75 72
+237 6 77 93 00 94
+237 6 78 13 47 27
+237 6 78 28 79 77
+237 6 78 54 97 71
+237 6 78 93 30 87
+237 6 79 11 99 26
+237 6 79 85 65 75
+237 6 80 25 69 09
+237 6 80 58 72 19
+237 6 80 68 45 31
+237 6 81 24 10 21
+237 6 81 85 26 15
+237 6 82 24 69 96
+237 6 82 73 04 40
+237 6 82 95 91 90
+237 6 83 02 46 05
+237 6 83 05 96 24
+237 6 90 24 55 31
+237 6 91 82 61 51
+237 6 91 84 69 81
+237 6 91 90 35 34
+237 6 95 05 71 84
+237 6 95 43 15 44
+237 6 95 72 72 85
+237 6 95 76 35 84
+237 6 97 54 79 86
+237 6 97 67 35 57
+237 71414025
+237 74316701
+237 75981270
+237 77425813
+237 78323374
+254 115295355
+254 701 870863
+254 704 210978
+254 705 886859
+254 716 305777
+254 716 584561
+254 717 021424
+254 722 437225
+254 723 756580
+254 724 235413
+254 729 469426
+254 747 160145
+254 759 092121
+254 769 305159
+256 756 309796
+44 7422 708916
+49 176 94964569
+91 6353 627 565
+91 89990 36614
+91 96298 17838
+91 96761 15608
+92 306 5597459
+92 315 4235423
+92 322 4768486
+92 325 2199585
+92 340 5636057
+92 342 4148795
+92 347 2784810
+92 347 9532449
+94 71 293 6547
+971 52 191 4085
+971 52 340 5899
+971 52 820 1764
+971 55 519 2458
+971 58 840 7216

GREATNESS
+1 (248) 678-4914
+1 (732) 298-6335
+226 56 71 08 74
+229 98 58 35 03
+231 88 155 7921
+232 32 031344
+233 50 269 2946
+233 55 411 4413
+233 59 756 8080
+233 59 827 1830
+234 708 479 3677
+234 810 952 9207
+234 810 999 3030
+234 811 385 0809
+234 811 861 9674
+234 813 230 0128
+234 814 612 4474
+234 814 647 1129
+234 814 970 6493
+234 816 051 2164
+234 902 756 8461
+234 905 432 2629
+234 905 743 9767
+234 905 762 6906
+234 906 144 6873
+234 907 547 3430
+234 912 076 7348
+234 912 781 1863
+234 913 164 0128
+234 915 591 0271
+234 916 252 9611
+234 916 583 7688
+234 916 802 0078
+237 55363889
+237 6 50 59 56 54
+237 6 50 84 17 46
+237 6 51 47 07 92
+237 6 53 30 77 19
+237 6 53 89 34 52
+237 6 54 24 35 79
+237 6 55 94 70 50
+237 6 57 30 29 56
+237 6 58 73 50 99
+237 6 60 55 99 97
+237 6 71 07 60 68
+237 6 71 46 81 05
+237 6 73 20 65 02
+237 6 73 34 88 87
+237 6 73 50 25 59
+237 6 73 58 86 34
+237 6 73 80 89 78
+237 6 74 59 37 65
+237 6 76 81 24 29
+237 6 77 60 05 92
+237 6 78 13 47 27
+237 6 78 98 99 61
+237 6 79 39 68 66
+237 6 79 67 17 68
+237 6 79 85 65 75
+237 6 80 26 19 86
+237 6 81 12 13 95
+237 6 81 54 19 44
+237 6 82 24 69 96
+237 6 82 73 04 40
+237 6 91 84 69 81
+237 6 95 05 71 84
+237 6 97 09 00 69
+237 95877370
+254 105727017
+254 111423399
+254 115295355
+254 701 428046
+254 701 456706
+254 702 966831
+254 711 978867
+254 714 713844
+254 716 584561
+254 722 437225
+254 724 965544
+254 739 756512
+254 747 160145
+254 794 224416
+256 756 309796
+256 785 349879
+44 7422 708916
+63 995 498 7158
+92 311 1553726
+92 312 5830931
+92 335 7797561
+971 52 882 3464
+971 55 317 9860
+971 55 462 9361
+971 55 589 6113

CREATIVITY
+1 (516) 468-3238
+1 (612) 321-8419
+226 56 71 08 74
+227 97 70 53 48
+228 91 71 60 31
+229 57 51 11 06
+229 98 58 35 03
+231 88 155 7921
+232 32 031344
+233 50 269 2946
+233 55 417 4517
+234 706 612 5566
+234 805 041 6402
+234 806 958 6128
+234 808 228 7754
+234 810 952 9207
+234 811 861 9674
+234 813 764 0665
+234 816 051 2164
+234 816 059 7653
+234 818 159 2992
+234 902 616 6692
+234 902 817 6981
+234 902 883 6717
+234 904 926 3820
+234 905 743 9767
+234 905 762 6906
+234 907 547 3430
+234 912 226 7744
+234 912 781 1863
+234 913 164 0128
+234 913 398 3404
+234 915 591 0271
+234 916 252 9611
+237 55363889
+237 6 20 13 76 34
+237 6 50 84 17 46
+237 6 51 29 07 12
+237 6 51 47 07 92
+237 6 51 62 63 33
+237 6 52 11 08 85
+237 6 52 15 75 48
+237 6 52 87 19 21
+237 6 53 89 34 52
+237 6 54 24 35 79
+237 6 57 30 29 56
+237 6 58 30 55 94
+237 6 58 73 50 99
+237 6 59 44 24 08
+237 6 70 91 13 29
+237 6 71 07 60 68
+237 6 72 28 87 59
+237 6 72 66 10 43
+237 6 73 20 65 02
+237 6 73 34 88 87
+237 6 73 41 57 95
+237 6 73 50 25 59
+237 6 73 58 86 34
+237 6 73 80 89 78
+237 6 74 12 32 42
+237 6 76 74 66 54
+237 6 77 60 05 92
+237 6 77 74 96 03
+237 6 77 89 94 58
+237 6 78 02 22 69
+237 6 78 15 04 00
+237 6 78 98 99 61
+237 6 80 07 64 01
+237 6 80 18 68 62
+237 6 80 26 19 86
+237 6 80 58 72 19
+237 6 81 54 19 44
+237 6 82 24 69 96
+237 6 82 73 04 40
+237 6 83 18 67 99
+237 6 83 37 34 66
+237 6 93 00 81 16
+237 6 93 75 70 57
+237 6 95 05 71 84
+237 6 98 97 52 32
+237 74542410
+237 78509899
+250 781 833 294
+254 111423399
+254 115295355
+254 704 462173
+254 706 781669
+254 716 584561
+254 722 437225
+254 724 965544
+254 735 907120
+254 747 160145
+254 757 854526
+254 758 548760
+254 786 691053
+254 787 716690
+256 742 810629
+256 756 309796
+44 7422 708916
+62 838-3825-8587
+84 90 362 37 04
+84 93 641 96 74
+92 314 7733655
+971 52 696 6959
+971 52 949 6550
+971 55 182 5639
+971 55 317 9860
+971 55 589 6113
+971 58 207 3022
+971 58 840 7216
+976 9610 9239

SCAMS
+1 (205) 453-1254
+1 (213) 533-9856
+1 (612) 321-8419
+1 (732) 298-6335
+229 55 94 24 10
+229 57 51 11 06
+231 88 155 7921
+232 32 031344
+233 24 366 6455
+233 50 269 2946
+233 55 411 4413
+233 59 827 1830
+234 701 807 0072
+234 701 969 3863
+234 702 591 9127
+234 704 300 8248
+234 708 748 0807
+234 708 806 3627
+234 808 561 3125
+234 813 202 6110
+234 814 380 1524
+234 814 647 1129
+234 815 529 9213
+234 816 051 2164
+234 816 161 2035
+234 816 947 5105
+234 901 772 6453
+234 901 918 6299
+234 902 756 8461
+234 902 817 6981
+234 902 883 6717
+234 903 000 9721
+234 903 027 2363
+234 904 017 5082
+234 904 308 6866
+234 905 432 2629
+234 905 743 9767
+234 905 762 6906
+234 906 623 9905
+234 912 076 7348
+234 913 164 0128
+234 913 398 3404
+234 915 591 0271
+234 916 583 7688
+234 916 802 0078
+237 55363889
+237 6 20 84 27 53
+237 6 50 34 10 31
+237 6 50 39 74 63
+237 6 50 59 56 54
+237 6 51 47 07 92
+237 6 52 15 75 48
+237 6 53 77 91 40
+237 6 54 28 33 62
+237 6 55 63 82 15
+237 6 57 30 29 56
+237 6 58 30 55 94
+237 6 58 73 50 99
+237 6 59 15 76 35
+237 6 59 44 24 08
+237 6 60 55 99 97
+237 6 64 12 99 16
+237 6 68 67 63 31
+237 6 70 97 24 47
+237 6 71 07 60 68
+237 6 71 46 81 05
+237 6 73 34 88 87
+237 6 73 50 25 59
+237 6 73 52 10 90
+237 6 73 58 86 34
+237 6 73 80 89 78
+237 6 73 94 41 32
+237 6 74 59 37 65
+237 6 75 28 20 53
+237 6 75 28 41 06
+237 6 76 49 96 14
+237 6 77 37 88 05
+237 6 77 89 94 58
+237 6 78 08 56 73
+237 6 78 13 47 27
+237 6 78 65 74 78
+237 6 78 76 86 12
+237 6 78 98 99 61
+237 6 79 33 27 00
+237 6 79 67 17 68
+237 6 79 85 65 75
+237 6 80 26 19 86
+237 6 80 72 12 58
+237 6 81 06 29 07
+237 6 81 54 19 44
+237 6 82 24 69 96
+237 6 82 26 84 65
+237 6 83 18 67 99
+237 6 91 46 08 30
+237 6 91 84 69 81
+237 6 93 00 81 16
+237 6 94 70 87 14
+237 6 95 04 62 27
+237 6 95 05 71 84
+237 6 95 16 72 89
+237 6 97 86 95 15
+237 6 98 01 48 69
+237 6 98 68 28 14
+237 74542410
+237 77024206
+254 111231292
+254 701 870863
+254 702 966831
+254 704 462173
+254 714 713844
+254 715 689199
+254 716 584561
+254 717 734342
+254 722 437225
+254 739 756512
+254 747 160145
+254 786 691053
+254 787 716690
+254 791 195228
+254 791 989144
+254 794 224416
+254 796 435997
+256 742 810629
+256 756 309796
+265 986 93 78 01
+27 65 990 3812
+27 67 246 3267
+27 71 061 6267
+44 7422 708916
+62 812-1566-1962
+62 823-2208-0809
+880 1880-950283
+92 311 1553726
+92 322 8755655
+92 326 7091915
+92 335 7797561
+971 52 696 6959
+971 55 317 9860
+971 55 462 9361
+971 55 589 6113
+971 58 840 7216