+237650875597
+237653353982
+237670759287
+237654390063
+237678547993
+237653967832
+237670649876
+237679972275
+237654590050
+237677748615
+237620866798
+237650151037
+237650339739
+237650429278
+237650630007
+237650776885
+237650878899
+237650901092
+237650954741
+237651170950
+237651266905
+237651518339
+237651606806
+237651760784
+237651795380
+237651819905
+237652627119
+237652975256
+237653069826
+237653203292
+237653366363
+237653688553
+237653727249
+237653806556
+237653846387
+237654207425
+237654405351
+237654507417
+237654531130
+237654885095
+237658531674
+237670181650
+237670353201
+237670365868
+237670497858
+237670862073
+237671142639
+237671158235
+237671548667
+237671576644
+237671720615
+237671738483
+237672097891
+237672141185
+237672341797
+237672353577
+237672379357
+237672513207
+237672665167
+237672725819
+237672882653
+237672940087
+237673070958
+237673234057
+237673401653
+237673780907
+237673853859
+237673941088
+237674039962
+237674321370
+237674660392
+237674701341
+237674982288
+237675546302
+237675734865
+237675806430
+237675828535
+237676146101
+237676614263
+237676629593
+237676634847
+237676658547
+237676681576
+237676686591
+237676782067
+237676856633
+237676966997
+237677086650
+237677511031
+237677544855
+237678161840
+237678205494
+237678229978
+237678934003
+237679278641
+237679447547
+237679736413
+237679875376
+237680174881
+237680582987
+237680727236
+237680942239
+237680944496
+237681013815
+237681076657
+237681088197
+237681761780
+237681856979
+237681897507
+237681980282
+237682703795
+237682908063
+237683108508
+237683116328
+237683176143
+237683723924
+237683776793
+237691533585
+237695308524
+237696554177
+237698345819
+237650341031
+237652110885
+237653307719
+237654243579
+237659157635
+237670373157
+237672288759
+237673019882
+237673109837
+237673206502
+237674593765
+237677489338
+237677899458
+237678085673
+237678134727
+237679671768
+237679856575
+237680261986
+237681062907
+237681121395
+237682246996
+237691460830
+237695046227
+237697090069
+237678804911
+237651932682
+237695612184
+237674247723
+237683176143
+237620622868
+237650341031
+237650519177
+237650841746
+237650938893
+237651290712
+237652143193
+237652157548
+237652708951
+237652857001
+237653040244
+237653221394
+237653395267
+237653893452
+237654243579
+237655602759
+237656657192
+237656909993
+237658212784
+237658735099
+237659157635
+237660559997
+237670263484
+237670404881
+237670479472
+237670713335
+237670786134
+237670911329
+237671116047
+237671468105
+237671497076
+237671894993
+237671936747
+237672006562
+237672161797
+237672229039
+237672236513
+237672288759
+237672504740
+237672515745
+237672530139
+237672595478
+237673201055
+237673294821
+237673348887
+237673380730
+237673588634
+237673619123
+237673808978
+237674051070
+237674287604
+237674593765
+237676626886
+237677145853
+237677378805
+237677489338
+237677600592
+237677749603
+237678085673
+237678134727
+237678208644
+237678534321
+237678785454
+237679307605
+237679396866
+237679671768
+237679705049
+237679856575
+237680261986
+237680587219
+237681121395
+237681269996
+237681381949
+237682246996
+237682457554
+237682730440
+237690440424
+237690728681
+237692492886
+237693102950
+237693292634
+237693336793
+237695431544
+237697674006
+237698462106
+237699222834
+237620401985
+237670373157
+237690071685
+237620137634
+237650595654
+237650841746
+237651260376
+237652157548
+237653395267
+237653893452
+237657332818
+237658735099
+237660559997
+237670189965
+237671076068
+237673294821
+237673348887
+237673502559
+237677899458
+237678016111
+237678134727
+237678549771
+237679396866
+237680261986
+237680587219
+237681121395
+237681541944
+237682476862
+237691846981
+237697090069
+237620137634
+237620622868
+237650227713
+237650595654
+237650841746
+237650876400
+237651470792
+237652143193
+237652157548
+237652708951
+237652871921
+237653307719
+237653395267
+237653893452
+237654243579
+237654489386
+237657469923
+237657757335
+237658735099
+237659157635
+237664129916
+237670909972
+237670911329
+237670951702
+237671076068
+237671269825
+237671285041
+237671468105
+237671849313
+237672161797
+237673206502
+237673294821
+237673348887
+237673502559
+237673588634
+237673619123
+237673808978
+237674051070
+237674593765
+237674816326
+237675218071
+237675269106
+237675342316
+237676280576
+237677600592
+237677899458
+237678085673
+237678134727
+237678150400
+237678534321
+237678549771
+237678989961
+237679396866
+237679671768
+237680186862
+237680261986
+237680587219
+237681121395
+237681241021
+237682246996
+237682730440
+237691460830
+237691846981
+237691972118
+237692288274
+237692492886
+237693336793
+237693757057
+237694708714
+237695057184
+237697674006
+237697762245
+237698014869
+237620137634
+237650052608
+237653307719
+237655413240
+237656132325
+237662801716
+237670373157
+237674593765
+237676302861
+237679671768
+237680567163
+237681498624
+237697849503
+237651606806
+237653307719
+237658147467
+237670373157
+237670863526
+237676976441
+237678085673
+237679179768
+237681241021
+237694708714
+237696944555
+237650822728
+237650828223
+237650980976
+237652244661
+237652678265
+237652697892
+237652710150
+237653236217
+237653433133
+237653512500
+237655157622
+237657332818
+237658735099
+237659157635
+237660146445
+237670571346
+237670597421
+237671189825
+237671343613
+237671931256
+237672904548
+237673109837
+237674593765
+237676474698
+237676976441
+237678085673
+237679338660
+237680522311
+237681241021
+237681393368
+237690594224
+237691489344
+237691986700
+237694098856
+237695761729
+237699281775
+237650052608
+237651290712
+237651675698
+237656889017
+237658735099
+237670838103
+237673944132
+237674593765
+237675971208
+237676976441
+237678085673
+237680522311
+237681284614
+237681335694
+237691489344
+237696687197
+237697090069
+237651454336
+237653307719
+237658735099
+237659120864
+237674593765
+237678085673
+237680986324
+237681241021
+237682250096
+237695761729
+237650375804
+237650583803
+237650595654
+237651260376
+237651571633
+237652157548
+237652253316
+237652258286
+237652301894
+237652871921
+237653395267
+237655947050
+237656799570
+237657284041
+237657469923
+237657681642
+237657875806
+237659442408
+237660559997
+237670068278
+237670100027
+237670189965
+237670725695
+237671076068
+237671556078
+237671708438
+237672288759
+237672551957
+237673206502
+237673294821
+237673502559
+237673619123
+237673654761
+237674910908
+237675278460
+237676396046
+237676812429
+237677484227
+237677600592
+237677708115
+237677749603
+237677877572
+237677930094
+237678134727
+237678287977
+237678549771
+237678933087
+237679119926
+237679856575
+237680256909
+237680587219
+237680684531
+237681241021
+237681852615
+237682246996
+237682730440
+237682959190
+237683024605
+237683059624
+237690245531
+237691826151
+237691846981
+237691903534
+237695057184
+237695431544
+237695727285
+237695763584
+237697547986
+237697673557
+237650595654
+237650841746
+237651470792
+237653307719
+237653893452
+237654243579
+237655947050
+237657302956
+237658735099
+237660559997
+237671076068
+237671468105
+237673206502
+237673348887
+237673502559
+237673588634
+237673808978
+237674593765
+237676812429
+237677600592
+237678134727
+237678989961
+237679396866
+237679671768
+237679856575
+237680261986
+237681121395
+237681541944
+237682246996
+237682730440
+237691846981
+237695057184
+237697090069
+237620137634
+237650841746
+237651290712
+237651470792
+237651626333
+237652110885
+237652157548
+237652871921
+237653893452
+237654243579
+237657302956
+237658305594
+237658735099
+237659442408
+237670911329
+237671076068
+237672288759
+237672661043
+237673206502
+237673348887
+237673415795
+237673502559
+237673588634
+237673808978
+237674123242
+237676746654
+237677600592
+237677749603
+237677899458
+237678022269
+237678150400
+237678989961
+237680076401
+237680186862
+237680261986
+237680587219
+237681541944
+237682246996
+237682730440
+237683186799
+237683373466
+237693008116
+237693757057
+237695057184
+237698975232
+237620842753
+237650341031
+237650397463
+237650595654
+237651470792
+237652157548
+237653779140
+237654283362
+237655638215
+237657302956
+237658305594
+237658735099
+237659157635
+237659442408
+237660559997
+237664129916
+237668676331
+237670972447
+237671076068
+237671468105
+237673348887
+237673502559
+237673521090
+237673588634
+237673808978
+237673944132
+237674593765
+237675282053
+237675284106
+237676499614
+237677378805
+237677899458
+237678085673
+237678134727
+237678657478
+237678768612
+237678989961
+237679332700
+237679671768
+237679856575
+237680261986
+237680721258
+237681062907
+237681541944
+237682246996
+237682268465
+237683186799
+237691460830
+237691846981
+237693008116
+237694708714
+237695046227
+237695057184
+237695167289
+237697869515
+237698014869
+237698682814